o;?Vernier Format 2
uteE> 49.90g + 49.32g 5.cmbl 18.10.2022 18:19:07 ,
Latest
Time	GateState	Distance	Velocity	Acceleration
t	State	d	v	acc
s		m	m/s	m/sB2

4,5421148	1	0	 	 
4,5818	0	 	 	 
5,1499004	1	0,05	0,114356558982	0,105598774765
5,1671828	0	 	 	 
5,5228944	1	0,1	0,153773889869	0,105757605695
5,5346016	0	 	 	 
5,8180832	1	0,15	0,186006990942	0,11263212368
5,8264832	0	 	 	 
6,0679828	1	0,2	0,214137134412	0,112499436914
6,075328	0	 	 	 
6,2886832	1	0,25	0,240031430477	0,122156196377
6,2954828	0	 	 	 
6,4869832	1	0,3	0,261823963614	0,0976373804033
6,4938176	0	 	 	 
6,6715964	1	0,35	0,282760066137	0,129173080848
6,677426	0	 	 	 
6,8418072	1	0,4	0,30066303304	0,0811892099439
6,8487864	0	 	 	 
7,0045312	1	0,45	0,316934608191	0,118800652052
7,010792	0	 	 	 
7,1578848	1	0,5	0,334456509027	0,109715676685
7,1632848	0	 	 	 
7,3038848	1	0,55	0,351398547923	0,122367047919
7,3083064	0	 	 	 
7,4428128	1	0,6	0,367545582099	0,11008478578
7,4471024	0	 	 	 
7,5761864	1	0,65	0,383396991657	0,127614572386
7,5804864	0	 	 	 
7,7038856	1	0,7	0,396638270385	0,0797677562083
7,7083864	0	 	 	 
7,8283864	1	0,75	0,410727696711	0,14656695532
7,8323864	0	 	 	 
7,9475864	1	0,8	0,422476695792	0,0505639017466
7,9525864	0	 	 	 
8,0651096	1	0,85	0,432965551705	0,127934571954
8,0696936	0	 	 	 
8,1786864	1	0,9	0,446443876469	0,109408349567
8,1827216	0	 	 	 
8,2891864	1	0,95	0,459335089614	0,123916775217
8,2925864	0	 	 	 
8,3964864	1	1	0,471838161287	0,109132091015
8,3997912	0	 	 	 
8,5011872	1	1,05	0,484948159553	0,141295761797
8,5045128	0	 	 	 
8,6027872	1	1,1	0,495333756897	0,0631451308024
8,606388	0	 	 	 
8,703088	1	1,15	0,506850009222	0,166489175706
8,706328	0	 	 	 
8,800188	1	1,2	0,516269141159	0,0275197210423
8,8042152	0	 	 	 
8,896788	1	1,25	0,524439063256	0,141629804771
8,9005888	0	 	 	 
8,9909312	1	1,3	0,536269926129	0,109707793129
8,9942976	0	 	 	 
9,0832952	1	1,35	0,547260095051	0,128267368669
9,0861888	0	 	 	 
9,1737016	1	1,4	0,557809042705	0,1050999074
9,176528	0	 	 	 
9,2625936	1	1,45	0,569016456059	0,14705806753
9,2654888	0	 	 	 
9,3494888	1	1,5	0,577369810538	0,0452046691844
9,3525896	0	 	 	 
9,4357968	1	1,55	0,587262103173	0,184027676256
9,4386048	0	 	 	 
9,5198312	1	1,6	0,594762466489	-0,00552070017529
9,5233912	0	 	 	 
9,6039312	1	1,65	0,600500671297	0,141982170047
9,6072368	0	 	 	 
9,6863912	1	1,7	0,611012167828	0,112965599318
9,6893104	0	 	 	 
9,7676128	1	1,75	0,620707301159	0,125767282858
9,770192	0	 	 	 
9,8475192	1	1,8	0,629780662617	0,101332460298
9,850024	0	 	 	 
9,9264112	1	1,85	0,639917428721	0,155645841775
9,9289928	0	 	 	 
10,0038176	1	1,9	0,646829615882	0,0229488780546
10,0065936	0	 	 	 
10,081012	1	1,95	0,655596142288	0,204179680662
10,0835256	0	 	 	 
10,1563936	1	2	0,662335135493	-0,0253829131536
10,15954	0	 	 	 
10,2319936	1	2,05	0,667529148012	0,162790651759
10,2349936	0	 	 	 
10,3062248	1	2,1	0,677534242823	0,106775105257
10,3088936	0	 	 	 
10,3795976	1	2,15	0,686412495846	0,135228825967
10,3818936	0	 	 	 
10,4519248	1	2,2	0,694984959496	0,101817918571
10,4541944	0	 	 	 
10,5234936	1	2,25	0,704471506543	0,163284948788
10,5258056	0	 	 	 
10,5938944	1	2,3	0,710728742479	0,0144754157518
10,5963944	0	 	 	 
10,6641944	1	2,35	0,719074478426	0,222956616875
10,6664944	0	 	 	 
10,7329944	1	2,4	0,724645705256	-0,0610023485536
10,7358952	0	 	 	 
10,8021952	1	2,45	0,728417133104	0,170001893287
10,804908	0	 	 	 
10,870296	1	2,5	0,738038057369	0,112547629327
10,8727336	0	 	 	 
10,9376968	1	2,55	0,746317506839	0,133130447799
10,9397968	0	 	 	 
11,0042968	1	2,6	0,754174062614	0,102802158054
11,0063432	0	 	 	 
11,0702976	1	2,65	0,76344322726	0,178078214487
11,0723976	0	 	 	 
11,1352976	1	2,7	0,768635704454	-0,0183096854276
11,1376112	0	 	 	 
11,2003984	1	2,75	0,775943389148	0,242813368756
11,2024984	0	 	 	 
11,2641992	1	2,8	0,781260314896	-0,0761406703696
11,2668984	0	 	 	 
11,3283992	1	2,85	0,784366583648	0,172909167331
11,33092	0	 	 	 
11,3917032	1	2,9	0,79304715221	0,10134107158
11,3939992	0	 	 	 
11,4544992	1	2,95	0,801188644322	0,157958632606
11,4564272	0	 	 	 
11,5165272	1	3	0,808855186913	0,0892375559221
11,5185	0	 	 	 
11,5781336	1	3,05	0,817246579491	0,183181951715
11,5801328	0	 	 	 
11,6389008	1	3,1	0,821916163729	-0,0294942966015
11,6411008	0	 	 	 
11,6998008	1	3,15	0,828643743852	0,250432888491
11,7018016	0	 	 	 
11,7596	1	3,2	0,833346519058	-0,093147332624
11,7621016	0	 	 	 
11,8198016	1	3,25	0,836063760731	0,183418743129
11,8222016	0	 	 	 
11,8792184	1	3,3	0,844541989071	0,101962776558
11,8814024	0	 	 	 
11,938212	1	3,35	0,851943925405	0,148977540151
11,9401024	0	 	 	 
11,9966032	1	3,4	0,859053301473	0,094530936046
11,9984392	0	 	 	 
12,0546216	1	3,45	0,867367352566	0,192069559445
12,0565048	0	 	 	 
12,111904	1	3,5	0,871219967387	-0,0575565215753
12,1140024	0	 	 	 
12,169404	1	3,55	0,878120506406	0,297575270094
12,1712336	0	 	 	 
12,2258048	1	3,6	0,882622201737	-0,137942948188
12,2282048	0	 	 	 
12,2827072	1	3,65	0,884056153695	0,188343351619
12,2850032	0	 	 	 
12,338928	1	3,7	0,892096561108	0,0976862819812
12,3409504	0	 	 	 
12,3948048	1	3,75	0,899510049583	0,167664936257
12,3965168	0	 	 	 
12,4501056	1	3,8	0,906618575707	0,0894208969963
12,4518272	0	 	 	 
12,5051064	1	3,85	0,914809960772	0,208443318257
12,5069072	0	 	 	 
12,5594264	1	3,9	0,918270751664	-0,0810209731937
12,5614072	0	 	 	 
12,614008	1	3,95	0,924382151693	0,304957245813
12,615808	0	 	 	 
12,667624	1	4	0,925839709514	-0,250586989878
12,6699088	0	 	 	 
12,7220296	1	4,05	0,921804810363	0,102260378254
12,7242088	0	 	 	 
12,7761088	1	4,1	0,92487108407	0,0111389955191
12,7780384	0	 	 	 
12,8301528	1	4,15	0,925920274475	0,0276882713171
12,8318496	0	 	 	 
12,8841096	1	4,2	0,926289888088	-0,013987917955
12,8858096	0	 	 	 
12,9381104	1	4,25	0,928505721225	0,0960545961053
12,939836	0	 	 	 
12,9918112	1	4,3	0,926634855826	-0,165731971429
12,9937112	0	 	 	 
13,0460328	1	4,35	0,926824026798	0,172709669307
13,0478136	0	 	 	 
13,099712	1	4,4	0,924432264131	-0,261822870202
13,102012	0	 	 	 
13,15422	1	4,45	0,919718679407	0,0888726711835
13,1564128	0	 	 	 
13,2084424	1	4,5	0,921713727476	-0,0152850738378
13,2104136	0	 	 	 
13,2627136	1	4,55	0,922752135843	0,0535524556851
13,2644136	0	 	 	 
13,3168144	1	4,6	0,923907204649	-0,0108518373496
13,3185136	0	 	 	 
13,3709496	1	4,65	0,92581288641	0,0812563712098
13,3727152	0	 	 	 
13,4248288	1	4,7	0,922846695682	-0,191361596523
13,426816	0	 	 	 
13,4793168	1	4,75	0,923300183336	0,208007010318
13,4811168	0	 	 	 
13,533144	1	4,8	0,920126947785	-0,32591154745
13,5354288	0	 	 	 
13,5880176	1	4,85	0,913419723607	0,0814506708956
13,5901424	0	 	 	 
13,642624	1	4,9	0,912931405414	-0,0993356877738
13,6446192	0	 	 	 
13,6975568	1	4,95	0,908096875223	-0,0766804698453
13,6993184	0	 	 	 
13,7527456	1	5	0,901262600394	-0,170988435027
13,7545184	0	 	 	 
13,8085184	1	5,05	0,897087045962	0,0212539970229
13,8103184	0	 	 	 
13,8642176	1	5,1	0,889808800706	-0,282595102672
13,8662192	0	 	 	 
13,92092	1	5,15	0,886537260361	0,167201738544
13,922744	0	 	 	 
13,9770224	1	5,2	0,883396274545	-0,279175052223
13,9794192	0	 	 	 
14,0341376	1	5,25	0,874909614326	-0,0180018890512
14,0364192	0	 	 	 
14,09132	1	5,3	0,872740676544	-0,0578584380047
14,0933632	0	 	 	 
14,14872	1	5,35	0,871798198677	0,0250194879365
14,15052	0	 	 	 
14,2060256	1	5,4	0,869525431249	-0,104340441812
14,20784	0	 	 	 
14,263728	1	5,45	0,867092888906	0,0200270564547
14,2656224	0	 	 	 
14,3213536	1	5,5	0,862013418212	-0,196319214597
14,3234336	0	 	 	 
14,3797456	1	5,55	0,858599695319	0,0793948793135
14,3816656	0	 	 	 
14,437824	1	5,6	0,852827920924	-0,278152916538
14,4403248	0	 	 	 
14,497024	1	5,65	0,845304010033	0,0239667377803
14,499336	0	 	 	 
14,5561248	1	5,7	0,843886918986	-0,0719217924294
14,5582576	0	 	 	 
14,6155248	1	5,75	0,841626193327	-0,00419691662067
14,6173552	0	 	 	 
14,6749424	1	5,8	0,838897402545	-0,0876543456919
14,6768256	0	 	 	 
14,7347312	1	5,85	0,836927547627	0,021760568971
14,7367264	0	 	 	 
14,7944272	1	5,9	0,831376729668	-0,207730079777
14,7965696	0	 	 	 
14,8550272	1	5,95	0,82827784522	0,105456665656
14,8570272	0	 	 	 
14,9151632	1	6	0,822564611213	-0,295467108895
14,9177264	0	 	 	 
14,9766272	1	6,05	0,814579291025	0,0356297996333
14,9790272	0	 	 	 
15,0379264	1	6,1	0,8134960125	-0,0709737690544
15,040136	0	 	 	 
15,0995552	1	6,15	0,810374929741	-0,0303127320014
15,1015264	0	 	 	 
15,1613264	1	6,2	0,807286053988	-0,0696974913245
15,1632496	0	 	 	 
15,2234288	1	6,25	0,805797710075	0,0217655623429
15,2254272	0	 	 	 
15,2854272	1	6,3	0,800122894944	-0,204828839162
15,2876496	0	 	 	 
15,3484256	1	6,35	0,796811923404	0,0997159620191
15,3504464	0	 	 	 
15,4109312	1	6,4	0,791311117455	-0,275725981887
15,4136288	0	 	 	 
15,4748288	1	6,45	0,783100988842	0,0187482984175
15,4773408	0	 	 	 
15,5386288	1	6,5	0,781612916626	-0,0653963302519
15,5409312	0	 	 	 
15,6027712	1	6,55	0,778633851876	-0,0274927649417
15,6048304	0	 	 	 
15,6670592	1	6,6	0,77542898211	-0,0722107494337
15,6691296	0	 	 	 
15,7317344	1	6,65	0,773409818524	0,00977063062598
15,7338448	0	 	 	 
15,7963568	1	6,7	0,767583185021	-0,190099231954
15,7987312	0	 	 	 
15,8620304	1	6,75	0,764106579297	0,0842239418995
15,8641424	0	 	 	 
15,927232	1	6,8	0,758781105483	-0,247578025665
15,930032	0	 	 	 
15,9938512	1	6,85	 	 
15,9965328	0	 	 	 
