o;?Vernier Format 2
uteE> krogljiDna leE>aja 49.90g + 49.32g 1.cmbl 18.10.2022 18:51:16 ,
Latest
Time	GateState	Distance	Velocity	Acceleration
t	State	d	v	acc
s		m	m/s	m/sB2

0,9850044	1	0	 	 
1,005984	0	 	 	 
1,5256812	1	0,05	0,110650995732	0,0672279900147
1,539822	0	 	 	 
1,9283068	1	0,1	0,138524484227	0,0712306102092
1,9400836	0	 	 	 
2,260826	1	0,15	0,160707957673	0,0621961118885
2,2719816	0	 	 	 
2,5551828	1	0,2	0,180277898284	0,0707713657543
2,5642828	0	 	 	 
2,8188832	1	0,25	0,196735664076	0,0540503318403
2,8290832	0	 	 	 
3,0647288	1	0,3	0,211921686809	0,0694908072514
3,0741052	0	 	 	 
3,2921828	1	0,35	0,227586688031	0,0682513403664
3,3000828	0	 	 	 
3,5050828	1	0,4	0,242464052111	0,0715078337112
3,5115172	0	 	 	 
3,7053828	1	0,45	0,256268451326	0,0663294025766
3,711486	0	 	 	 
3,8957984	1	0,5	0,269829357358	0,076105419282
3,9018832	0	 	 	 
4,076496	1	0,55	0,281292773092	0,0507741378793
4,0828832	0	 	 	 
4,2514832	1	0,6	0,293009481745	0,0831408987925
4,2570828	0	 	 	 
4,4181836	1	0,65	0,303575603639	0,0436269061374
4,4247836	0	 	 	 
4,5809828	1	0,7	0,313217611202	0,0748258572981
4,5873092	0	 	 	 
4,7376832	1	0,75	0,324595916148	0,0703978300244
4,7432024	0	 	 	 
4,8892304	1	0,8	0,335843361023	0,0780370453719
4,8938984	0	 	 	 
5,0356196	1	0,85	0,346708750645	0,0704081899732
5,040184	0	 	 	 
5,1777808	1	0,9	0,35804529596	0,0890804090845
5,1822924	0	 	 	 
5,3150828	1	0,95	0,367152480175	0,0435787541557
5,3199816	0	 	 	 
5,4501828	1	1	0,376579084438	0,0959712719446
5,4545268	0	 	 	 
5,5807836	1	1,05	0,384918135191	0,031731632671
5,585994	0	 	 	 
5,7099932	1	1,1	0,392279087759	0,0822065355191
5,7150828	0	 	 	 
5,8357952	1	1,15	0,401812752088	0,0693596451293
5,8402828	0	 	 	 
5,9589228	1	1,2	0,41096862458	0,0793620466995
5,9627836	0	 	 	 
6,07919	1	1,25	0,419783863218	0,0672321807899
6,0829892	0	 	 	 
6,197184	1	1,3	0,429338142736	0,0947129946955
6,2009828	0	 	 	 
6,3121836	1	1,35	0,436643539143	0,0323378195177
6,3162832	0	 	 	 
6,426212	1	1,4	0,444401161379	0,103726919368
6,4299168	0	 	 	 
6,5372832	1	1,45	0,451328192367	0,0210044419208
6,541692	0	 	 	 
6,6477832	1	1,5	0,457327599529	0,087582113059
6,6520984	0	 	 	 
6,7559928	1	1,55	0,465770392841	0,0684630679979
6,7598832	0	 	 	 
6,862508	1	1,6	0,473801407279	0,0823325825392
6,8658168	0	 	 	 
6,9670872	1	1,65	0,481524478563	0,0653654546154
6,9703848	0	 	 	 
7,0702024	1	1,7	0,48981879621	0,095509327116
7,073584	0	 	 	 
7,1712848	1	1,75	0,495723636414	0,0213228851066
7,174884	0	 	 	 
7,2719296	1	1,8	0,502523052956	0,113794210696
7,2752064	0	 	 	 
7,3703312	1	1,85	0,508223089274	0,00205830224357
7,3742848	0	 	 	 
7,4686936	1	1,9	0,512689620098	0,0887595473254
7,4725856	0	 	 	 
7,5654088	1	1,95	0,520227435666	0,0671169967672
7,5688856	0	 	 	 
7,660932	1	2	0,527437096497	0,0838339937851
7,663904	0	 	 	 
7,7550264	1	2,05	0,534348499028	0,0630695951874
7,7579864	0	 	 	 
7,8480872	1	2,1	0,542206065103	0,1057999197
7,851088	0	 	 	 
7,939488	1	2,15	0,547343311465	0,00661148943957
7,942788	0	 	 	 
8,030788	1	2,2	0,553426228056	0,126639695467
8,033788	0	 	 	 
8,1202192	1	2,25	0,558525562235	-0,0126004300113
8,1238176	0	 	 	 
8,2098312	1	2,3	0,562183632212	0,0942428434622
8,2133896	0	 	 	 
8,2981168	1	2,35	0,569306910368	0,0671261262535
8,3012896	0	 	 	 
8,3854928	1	2,4	0,575839872551	0,0824106386035
8,3882152	0	 	 	 
8,4717896	1	2,45	0,582403953371	0,0697173851399
8,4744904	0	 	 	 
8,557204	1	2,5	0,589870796752	0,105120660464
8,5599904	0	 	 	 
8,6413376	1	2,55	0,594067106459	-0,00536718011428
8,6443904	0	 	 	 
8,7255352	1	2,6	0,599430124124	0,132758404207
8,7282904	0	 	 	 
8,8081912	1	2,65	0,604024946605	-0,0215789984574
8,811496	0	 	 	 
8,891092	1	2,7	0,607218868686	0,0986330698425
8,894392	0	 	 	 
8,9728912	1	2,75	0,613899176342	0,0647012330943
8,9758136	0	 	 	 
9,0539912	1	2,8	0,620250076691	0,0919177644148
9,056492	0	 	 	 
9,134128	1	2,85	0,626183868659	0,0561737982073
9,1366928	0	 	 	 
9,2136928	1	2,9	0,632979393582	0,114643571375
9,2162928	0	 	 	 
9,2921272	1	2,95	0,636849799098	-0,0159520402301
9,2949376	0	 	 	 
9,370716	1	3	0,641952308597	0,145805390814
9,3732936	0	 	 	 
9,4479264	1	3,05	0,646088572407	-0,0386627310241
9,4510368	0	 	 	 
9,5254952	1	3,1	0,648608103372	0,103625215038
9,5285944	0	 	 	 
9,6021144	1	3,15	0,655131994425	0,0666686813602
9,6048952	0	 	 	 
9,6781408	1	3,2	0,660996214305	0,0875993065914
9,6805128	0	 	 	 
9,7534088	1	3,25	0,666431508854	0,05682580234
9,7557968	0	 	 	 
9,8281968	1	3,3	0,673057649755	0,120372167937
9,8306072	0	 	 	 
9,9019976	1	3,35	0,676374083498	-0,0304968889961
9,90464	0	 	 	 
9,9760448	1	3,4	0,680825204455	0,150720772055
9,9784976	0	 	 	 
10,0488976	1	3,45	0,684691633736	-0,0445771706696
10,0518184	0	 	 	 
10,1220976	1	3,5	0,686850800021	0,103570785005
10,1249984	0	 	 	 
10,1944984	1	3,55	0,693286552623	0,0742104716067
10,1970992	0	 	 	 
10,2663424	1	3,6	0,698827675089	0,0800438145151
10,2685992	0	 	 	 
10,3376	1	3,65	0,704348598027	0,0749129322185
10,3398	0	 	 	 
10,4083216	1	3,7	0,711209989502	0,1191265543
10,4106192	0	 	 	 
10,4782152	1	3,75	0,714191689964	-0,0338054244041
10,4807224	0	 	 	 
10,5483408	1	3,8	0,718549357443	0,158087212496
10,550632	0	 	 	 
10,6174008	1	3,85	0,720564920074	-0,0997158649419
10,6202016	0	 	 	 
10,6871272	1	3,9	0,718333178168	0,0357016061609
10,6899016	0	 	 	 
10,7566128	1	3,95	0,71943279677	-0,00405134761771
10,7591184	0	 	 	 
10,8261256	1	4	0,719814642822	0,0150376998236
10,828304	0	 	 	 
10,8955376	1	4,05	0,719996634858	-0,00979387927028
10,8977264	0	 	 	 
10,9650152	1	4,1	0,721480750935	0,0525160250347
10,967304	0	 	 	 
11,0341432	1	4,15	0,719340119557	-0,114448422284
11,0366328	0	 	 	 
11,10404	1	4,2	0,718530373651	0,0912786661333
11,1063312	0	 	 	 
11,1733216	1	4,25	0,717078725461	-0,133184401278
11,1761248	0	 	 	 
11,2435064	1	4,3	0,713694939052	0,0367593517266
11,2463056	0	 	 	 
11,3134384	1	4,35	0,714800461057	-0,00514229502196
11,3160048	0	 	 	 
11,3834056	1	4,4	0,715452808854	0,0237895410631
11,3856064	0	 	 	 
11,4532104	1	4,45	0,71581612443	-0,0133800684554
11,4554112	0	 	 	 
11,5231064	1	4,5	0,717263261516	0,0547883632161
11,5254072	0	 	 	 
11,5926312	1	4,55	0,714343609046	-0,138777169205
11,595136	0	 	 	 
11,663108	1	4,6	0,712781032146	0,0944341541877
11,6654072	0	 	 	 
11,7329328	1	4,65	0,711255299438	-0,138135896476
11,7358064	0	 	 	 
11,8037176	1	4,7	0,706746154604	0,0107315714066
11,8065304	0	 	 	 
11,8744264	1	4,75	0,705071544916	-0,0580979441183
11,877008	0	 	 	 
11,9455496	1	4,8	0,70126700068	-0,0488866751322
11,9478088	0	 	 	 
12,0170272	1	4,85	0,696502210079	-0,0844359490566
12,0193096	0	 	 	 
12,0891296	1	4,9	0,692569107456	-0,0246617404216
12,0915096	0	 	 	 
12,1614176	1	4,95	0,685405200123	-0,173542867074
12,1640312	0	 	 	 
12,2350536	1	5	0,679281582629	0,00722157060133
12,2375112	0	 	 	 
12,308632	1	5,05	0,672657181531	-0,187285314798
12,31162	0	 	 	 
12,3837496	1	5,1	0,664102286046	-0,0404880828007
12,3867448	0	 	 	 
12,4592128	1	5,15	0,659814062139	-0,0731626477979
12,4619216	0	 	 	 
12,5353128	1	5,2	0,655316999875	-0,0450255851696
12,5377128	0	 	 	 
12,6118128	1	5,25	0,65022693097	-0,088048111678
12,6142296	0	 	 	 
12,6891136	1	5,3	0,6459869906	-0,0216516681381
12,6916136	0	 	 	 
12,7666152	1	5,35	0,639088260373	-0,156376404249
12,7694144	0	 	 	 
12,8456152	1	5,4	0,632917801829	0,000162263898826
12,8482152	0	 	 	 
12,9246136	1	5,45	0,626304517907	-0,167590564274
12,927816	0	 	 	 
13,0053184	1	5,5	0,61764339717	-0,047046501593
13,0085368	0	 	 	 
13,0865224	1	5,55	0,612779851994	-0,0727393507254
13,0895152	0	 	 	 
13,1685168	1	5,6	0,607570534334	-0,0543258552117
13,1711168	0	 	 	 
13,2511168	1	5,65	0,60208231206	-0,0785608826458
13,2537176	0	 	 	 
13,3346168	1	5,7	0,597613359834	-0,0284798892309
13,3373176	0	 	 	 
13,4184504	1	5,75	0,590279256411	-0,14648822435
13,4215176	0	 	 	 
13,5040656	1	5,8	0,583771354447	-0,00553856444953
13,50692	0	 	 	 
13,5897504	1	5,85	0,577001682035	-0,152474815095
13,5932368	0	 	 	 
13,6774208	1	5,9	0,571438171156	0,0255560174494
13,6808624	0	 	 	 
13,7647488	1	5,95	0,570468619232	-0,0477608526539
13,76792	0	 	 	 
13,85272	1	6	0,566358140048	-0,0456897126222
13,8555184	0	 	 	 
13,94132	1	6,05	0,562752607111	-0,0356992927232
13,94412	0	 	 	 
14,0304208	1	6,1	0,560704812282	-0,0102665084622
14,0333376	0	 	 	 
14,1196672	1	6,15	0,555915628561	-0,0970584642281
14,12292	0	 	 	 
14,2103264	1	6,2	0,552543724396	0,0226720993699
14,2133216	0	 	 	 
14,3006496	1	6,25	0,548074410217	-0,121634806156
14,3043216	0	 	 	 
14,3928208	1	6,3	0,541989817531	-0,0103932608929
14,3964448	0	 	 	 
14,4851552	1	6,35	0,539965687828	-0,0334501972864
14,48852	0	 	 	 
14,5780208	1	6,4	0,539115612418	0,0151425481746
14,58092	0	 	 	 
14,6706448	1	6,45	0,539375050866	-0,00954057789557
14,673568	0	 	 	 
14,7634208	1	6,5	0,540621157962	0,0364032815304
14,7664208	0	 	 	 
14,8556208	1	6,55	 	 
14,85892	0	 	 	 
