o;?Vernier Format 2
uteE> krogljiDna leE>aja 49.90g 2.cmbl 18.10.2022 18:47:58 ,
Latest
Time	GateState	Distance	Velocity	Acceleration
t	State	d	v	acc
s		m	m/s	m/sB2

1,8332832	1	0	 	 
1,860984	0	 	 	 
2,541798	1	0,05	0,0818085426674	0,0317237878928
2,5634832	0	 	 	 
3,0938836	1	0,1	0,0983017815834	0,0280250587207
3,1103836	0	 	 	 
3,5701832	1	0,15	0,11227300719	0,0306406449941
3,5841892	0	 	 	 
3,9913244	1	0,2	0,125544807667	0,0323871493768
4,0038832	0	 	 	 
4,3709952	1	0,25	0,138604105617	0,0364055939646
4,3840836	0	 	 	 
4,7160944	1	0,3	0,150545660593	0,032800912316
4,7292832	0	 	 	 
5,0370008	1	0,35	0,161903206145	0,0379832512453
5,0497844	0	 	 	 
5,3353836	1	0,4	0,172371881188	0,0321861756982
5,3448896	0	 	 	 
5,6179972	1	0,45	0,181569526334	0,0329037219295
5,6278832	0	 	 	 
5,8868256	1	0,5	0,189752886713	0,0279779436864
5,895404	0	 	 	 
6,1453972	1	0,55	0,197204427733	0,0296582469837
6,1533832	0	 	 	 
6,3942832	1	0,6	0,204680060461	0,0304144989955
6,401916	0	 	 	 
6,6342872	1	0,65	0,2124070201	0,0339757581664
6,6428096	0	 	 	 
6,865412	1	0,7	0,219569613795	0,0280045545888
6,8744832	0	 	 	 
7,089916	1	0,75	0,227068635124	0,0388006812054
7,0990832	0	 	 	 
7,30612	1	0,8	0,234865824306	0,0333273939691
7,3131064	0	 	 	 
7,5158856	1	0,85	0,242149630697	0,0361197068944
7,523284	0	 	 	 
7,719284	1	0,9	0,248568806951	0,0269995335162
7,7258232	0	 	 	 
7,9182848	1	0,95	0,254398275458	0,0315878541478
7,9244216	0	 	 	 
8,1124856	1	1	0,260769347775	0,0340253906613
8,1184856	0	 	 	 
8,3018856	1	1,05	0,267218066412	0,0340708990685
8,3086856	0	 	 	 
8,4868184	1	1,1	0,272713583319	0,0253616830047
8,4941184	0	 	 	 
8,668624	1	1,15	0,278916624043	0,0428764870351
8,6760864	0	 	 	 
8,8454848	1	1,2	0,2858955377	0,0360433601776
8,8511864	0	 	 	 
9,0184872	1	1,25	0,292457800255	0,0398198943817
9,0245872	0	 	 	 
9,1875072	1	1,3	0,297913965065	0,0247424628585
9,1929872	0	 	 	 
9,3541872	1	1,35	0,302621728495	0,0317461792069
9,3593872	0	 	 	 
9,5180024	1	1,4	0,308026767038	0,0342432838394
9,5231008	0	 	 	 
9,6788872	1	1,45	0,313441503835	0,0330686908932
9,6846216	0	 	 	 
9,8370864	1	1,5	0,317636390203	0,0199642747367
9,8433064	0	 	 	 
9,993728	1	1,55	0,322628712961	0,0437777038697
10,0001888	0	 	 	 
10,1471088	1	1,6	0,328562675576	0,0335978557227
10,1521072	0	 	 	 
10,2981208	1	1,65	0,334258178696	0,0418332771636
10,3034896	0	 	 	 
10,4463312	1	1,7	0,339035336707	0,0226312679845
10,4511352	0	 	 	 
10,5930896	1	1,75	0,343136365385	0,0332568948508
10,5976896	0	 	 	 
10,7377896	1	1,8	0,348096436308	0,0352997177594
10,7422904	0	 	 	 
10,8803968	1	1,85	0,352717693767	0,029511279991
10,8855288	0	 	 	 
11,0213224	1	1,9	0,355759577962	0,0136587926537
11,02692	0	 	 	 
11,1614896	1	1,95	0,359939822053	0,0459877450748
11,1672144	0	 	 	 
11,2991904	1	2	0,365390686722	0,0331819426682
11,3036344	0	 	 	 
11,4351904	1	2,05	0,37050829473	0,0420769986184
11,4399912	0	 	 	 
11,5691216	1	2,1	0,374538513261	0,0181064169177
11,5734912	0	 	 	 
11,7021912	1	2,15	0,377997811957	0,0338859043332
11,7063208	0	 	 	 
11,833692	1	2,2	0,38258179461	0,0358320388685
11,8377928	0	 	 	 
11,9635928	1	2,25	0,386713082169	0,0277747681632
11,9682928	0	 	 	 
12,0922928	1	2,3	0,389259469078	0,0117961239676
12,0973928	0	 	 	 
12,2204928	1	2,35	0,393076805802	0,047756711038
12,2257344	0	 	 	 
12,3467264	1	2,4	0,398095205665	0,0317530211309
12,3508936	0	 	 	 
12,4717016	1	2,45	0,402827528083	0,0439791628249
12,4761936	0	 	 	 
12,5949944	1	2,5	0,406793533053	0,0203555748102
12,5989944	0	 	 	 
12,7175312	1	2,55	0,410193285656	0,0351339206282
12,7213944	0	 	 	 
12,8387952	1	2,6	0,414682116944	0,0389001090627
12,8425952	0	 	 	 
12,9586952	1	2,65	0,418595640688	0,026379686502
12,963	0	 	 	 
13,077696	1	2,7	0,42052063157	0,00597288393321
13,082396	0	 	 	 
13,196496	1	2,75	0,42376629202	0,0486678643817
13,201396	0	 	 	 
13,3136968	1	2,8	0,428461807409	0,0314598376409
13,317508	0	 	 	 
13,4298976	1	2,85	0,432930772563	0,0454581380345
13,4339984	0	 	 	 
13,5446976	1	2,9	0,436493236044	0,0166056856684
13,5483984	0	 	 	 
13,6589984	1	2,95	0,439381185778	0,0339267643941
13,6625984	0	 	 	 
13,7722992	1	3	0,443420813903	0,0373812603565
13,7758304	0	 	 	 
13,884528	1	3,05	0,447013220619	0,0266380772154
13,8886	0	 	 	 
13,9960112	1	3,1	0,44848519714	-0,000230932098954
14,0004992	0	 	 	 
14,1075008	1	3,15	0,451321883802	0,0511179504738
14,1121008	0	 	 	 
14,2176	1	3,2	0,456152129314	0,0366255665136
14,2212	0	 	 	 
14,3267344	1	3,25	0,460638726655	0,045595939088
14,3306192	0	 	 	 
14,4347024	1	3,3	0,46388998164	0,0146303313889
14,4382032	0	 	 	 
14,542304	1	3,35	0,466650364369	0,0366771348405
14,5456432	0	 	 	 
14,6490032	1	3,4	0,470790857346	0,0409334372518
14,652304	0	 	 	 
14,7547216	1	3,45	0,474279065134	0,0250571147685
14,7585376	0	 	 	 
14,8598528	1	3,5	0,475321634795	-0,00522342769358
14,8640416	0	 	 	 
14,9651056	1	3,55	0,477928860455	0,0547655901908
14,9694064	0	 	 	 
15,069104	1	3,6	0,482545199629	0,0340115289448
15,0725072	0	 	 	 
15,1723456	1	3,65	0,486634491007	0,045206371172
15,176024	0	 	 	 
15,2746064	1	3,7	0,489745428216	0,0156368299098
15,2779072	0	 	 	 
15,3765344	1	3,75	0,492376030595	0,0359800443364
15,3797328	0	 	 	 
15,4777088	1	3,8	0,496357667248	0,0427283374927
15,4808528	0	 	 	 
15,5780096	1	3,85	0,499472332559	0,019378152411
15,5816288	0	 	 	 
15,6779216	1	3,9	0,498515491638	-0,0385318260577
15,6819152	0	 	 	 
15,7786112	1	3,95	0,4975439158	0,0192333912902
15,7828096	0	 	 	 
15,8789104	1	4	0,498500510718	-0,000158564802836
15,8822112	0	 	 	 
15,9792128	1	4,05	0,498999038056	0,0100990515176
15,9828112	0	 	 	 
16,079312	1	4,1	0,498492706609	-0,0202156447874
16,0825488	0	 	 	 
16,1798192	1	4,15	0,497512442918	0,000709307110495
16,1830128	0	 	 	 
16,280312	1	4,2	0,497933178649	0,00766414314971
16,2834496	0	 	 	 
16,3806496	1	4,25	0,49774356865	-0,0114435837473
16,384312	0	 	 	 
16,4812192	1	4,3	0,495063630214	-0,0418516155117
16,4852432	0	 	 	 
16,5826512	1	4,35	0,49384017725	0,0177280063214
16,5868464	0	 	 	 
16,6837152	1	4,4	0,49464989703	-0,00170410502882
16,6870144	0	 	 	 
16,7848144	1	4,45	0,495290941882	0,0143856069989
16,7884144	0	 	 	 
16,8856176	1	4,5	0,494711596282	-0,0258801944886
16,8889152	0	 	 	 
16,9869552	1	4,55	0,493493813474	0,00184601946339
16,990144	0	 	 	 
17,0882544	1	4,6	0,493833258062	0,00485580222849
17,0914368	0	 	 	 
17,1894528	1	4,65	0,492880852302	-0,0236783480413
17,1931216	0	 	 	 
17,2911456	1	4,7	0,48771797567	-0,0778603377189
17,2952336	0	 	 	 
17,3945168	1	4,75	0,482822511454	-0,0168558736793
17,3988176	0	 	 	 
17,4982624	1	4,8	0,479853840087	-0,0403739532674
17,5017184	0	 	 	 
17,6029216	1	4,85	0,476297262569	-0,027590975148
17,6067184	0	 	 	 
17,7082192	1	4,9	0,471871381505	-0,0564732592554
17,7116256	0	 	 	 
17,8148608	1	4,95	0,466867085419	-0,0373793477231
17,8182336	0	 	 	 
17,9224208	1	5	0,463272421554	-0,0294608133873
17,9257616	0	 	 	 
18,0307216	1	5,05	0,459342997902	-0,0431041843188
18,034624	0	 	 	 
18,1401344	1	5,1	0,452967817972	-0,0734302601076
18,1445328	0	 	 	 
18,2515232	1	5,15	0,447971346567	-0,0162820162559
18,2561232	0	 	 	 
18,3633648	1	5,2	0,444799769269	-0,0404335045871
18,3670592	0	 	 	 
18,4763552	1	5,25	 	 
18,480424	0	 	 	 
